days_off <- list(
  "London" = c("Friday ES", "Saturday ES"), 
  "Paris" = c("Monday MS", "Friday ES", "Saturday ES", "Sunday MS"), 
  "Berlin" = c("Tuesday MS", "Tuesday ES", "Thursday MS", "Thursday ES", 
               "Saturday ES", "Sunday MS", "Sunday ES", "Friday ES")
)

holidays <- list(
  "London" = c("2018-01-01", "2017-12-24", "2017-12-25", "2017-12-26", "2017-12-31"),
  "Paris" = c("2018-01-01", "2017-12-24", "2017-12-25", "2017-12-31", "2017-11-01 MS"),
  "Berlin" = c("2018-01-01", "2017-12-24", "2017-12-25", "2017-12-26", "2017-12-31")
  )