spatial_outliers_ids <- c(
  "GB-D-98406-PU", "GB-D-98406-DO", "GB-FAC-V2735529", 
  "GB-X-38407-PU"
  )